6.049999999999999822e-02
4.950000000000000233e-02
4.510000000000000120e-02
4.290000000000000063e-02
4.070000000000000007e-02
3.849999999999999950e-02
3.629999999999999893e-02
3.409999999999999837e-02
3.189999999999999780e-02
3.189999999999999780e-02
2.970000000000000070e-02
2.970000000000000070e-02
2.750000000000000014e-02
2.750000000000000014e-02
2.750000000000000014e-02
2.750000000000000014e-02
2.750000000000000014e-02
2.750000000000000014e-02
2.530000000000000304e-02
2.530000000000000304e-02
