2.090000000000000191e-02
2.090000000000000191e-02
1.870000000000000134e-02
1.870000000000000134e-02
1.650000000000000078e-02
1.650000000000000078e-02
1.650000000000000078e-02
1.650000000000000078e-02
1.650000000000000078e-02
1.650000000000000078e-02
1.430000000000000021e-02
1.430000000000000021e-02
1.430000000000000021e-02
1.430000000000000021e-02
1.430000000000000021e-02
1.430000000000000021e-02
1.430000000000000021e-02
1.430000000000000021e-02
1.430000000000000021e-02
1.430000000000000021e-02
