5.250000000000000000e+00
5.687500000000000000e+00
6.019499999999999851e+00
6.277499999999999858e+00
6.487999999999999545e+00
6.665000000000000036e+00
6.818500000000000227e+00
6.958500000000000796e+00
7.080000000000000071e+00
7.191000000000000725e+00
7.298500000000000654e+00
7.395999999999999908e+00
7.486000000000000654e+00
7.568500000000000227e+00
7.644000000000000128e+00
7.716999999999999638e+00
7.785499999999998977e+00
7.849999999999999645e+00
7.912000000000000810e+00
7.970499999999999474e+00
