1.650000000000000078e-01
1.650000000000000078e-01
1.470000000000000195e-01
1.110000000000000014e-01
1.229999999999999982e-01
1.050000000000000100e-01
9.900000000000000466e-02
8.100000000000000255e-02
8.100000000000000255e-02
8.100000000000000255e-02
8.100000000000000255e-02
7.500000000000001110e-02
9.299999999999999933e-02
6.900000000000000577e-02
6.900000000000000577e-02
6.300000000000000044e-02
7.500000000000001110e-02
6.900000000000000577e-02
6.300000000000000044e-02
6.000000000000000044e-02
