4.500000000000000527e-02
3.900000000000000688e-02
3.300000000000000155e-02
3.300000000000000155e-02
3.300000000000000155e-02
2.699999999999999969e-02
2.699999999999999969e-02
2.699999999999999969e-02
2.699999999999999969e-02
2.699999999999999969e-02
2.699999999999999969e-02
2.699999999999999969e-02
2.699999999999999969e-02
2.699999999999999969e-02
2.699999999999999969e-02
2.699999999999999969e-02
2.699999999999999969e-02
2.699999999999999969e-02
2.100000000000000130e-02
2.100000000000000130e-02
