1.609999999999999876e+00
4.230000000000000426e+00
4.724999999999999645e+00
5.064999999999999503e+00
5.290000000000000036e+00
5.439999999999999503e+00
5.564999999999999503e+00
5.685000000000000497e+00
5.785000000000000142e+00
5.870000000000000107e+00
5.955000000000000071e+00
6.049999999999999822e+00
6.125000000000000000e+00
6.195000000000000284e+00
6.280000000000000249e+00
6.345000000000000639e+00
6.405000000000000249e+00
6.480000000000000426e+00
6.619999999999999218e+00
7.000000000000000000e+00
